Provider,Level,Event ID,Version,Channel,Task,Opcode,Keyword,Message
Microsoft-Windows-Kernel-Boot,Information,1,0,Microsoft-Windows-Kernel-Boot/Analytic,FirmwareResolution,,,System was booted in {Width}x{Height}@{BitsPerPixel}bpp.
Microsoft-Windows-Kernel-Boot,Information,2,0,Microsoft-Windows-Kernel-Boot/Analytic,BootEnvResolution,,,BootUX screen was displayed in {Width}x{Height}@{BitsPerPixel}bpp.
Microsoft-Windows-Kernel-Boot,Information,3,0,Microsoft-Windows-Kernel-Boot/Analytic,,,,Video bit transfer rate is {BytesPerMs} bytes per ms.
Microsoft-Windows-Kernel-Boot,Information,4,0,Microsoft-Windows-Kernel-Boot/Analytic,BootFileAccess,,,Boot library accessed file {FileName} on Device {DeviceID}. Read {BytesRead} bytes and wrote {BytesWritten} bytes.
Microsoft-Windows-Kernel-Boot,Information,5,0,Microsoft-Windows-Kernel-Boot/Analytic,BootTotalIo,,,File IO for boot application {ApplicationGuid}: Total Bytes Read = {BytesRead}; Total Bytes Written = {BytesWritten}.
Microsoft-Windows-Kernel-Boot,Error,6,0,Microsoft-Windows-Kernel-Boot/Analytic,ImageIntegrityCheck,,,Image {ImageName} failed IntegrityCheck reason is {Reason}. Image flags are {ImageFlags}. Error ignored due to debugger {ErrorIgnored}.
Microsoft-Windows-Kernel-Boot,Information,7,0,Microsoft-Windows-Kernel-Boot/Analytic,BootManager,,,Bootmgr duration is {BootmgrTime} milliseconds.
Microsoft-Windows-Kernel-Boot,Warning,8,0,Microsoft-Windows-Kernel-Boot/Analytic,ImageHashCheck,,,Image {ImageName} is not self-signed.
Microsoft-Windows-Kernel-Boot,Warning,9,0,Microsoft-Windows-Kernel-Boot/Analytic,,,,A device ({DriveNumber}) that was enumerated by the BIOS was inaccessible to the boot environment.
Microsoft-Windows-Kernel-Boot,Error,10,0,System,,,,The system firmware has allocated a memory region previously determined to be unreliable. This has the potential to cause system instability and/or data corruption.
Microsoft-Windows-Kernel-Boot,Information,11,0,Microsoft-Windows-Kernel-Boot/Analytic,PreBoot,,,The time elapsed before Bootmgr; based on the TSC; is {PreBootMgrTime} ms.
Microsoft-Windows-Kernel-Boot,Information,12,0,Microsoft-Windows-Kernel-Boot/Analytic,SecureBootVariableUsage,,,Variable {UefiVariableName} requires {Size} bytes and was set with status {Status}.
Microsoft-Windows-Kernel-Boot,Warning,13,0,Microsoft-Windows-Kernel-Boot/Analytic,,,,Element {Element} of application {ApplicationGuid} was not in policy.
Microsoft-Windows-Kernel-Boot,Information,14,0,Microsoft-Windows-Kernel-Boot/Analytic,,,,A Secure Boot Policy update resulted in status {Status}.
Microsoft-Windows-Kernel-Boot,Information,15,0,Microsoft-Windows-Kernel-Boot/Analytic,,,,A Secure Boot Revocation List update resulted in status {Status}.
Microsoft-Windows-Kernel-Boot,Error,16,0,System,,,,Windows failed to resume from hibernate with error status {FailureStatus}.
Microsoft-Windows-Kernel-Boot,Error,16,1,System,,,,Windows failed to resume from hibernate with error status {FailureStatus}.
Microsoft-Windows-Kernel-Boot,Information,17,0,System,,,,The boot manager multi OS selection screen was displayed.
Microsoft-Windows-Kernel-Boot,Information,18,0,System,BootmgrEntryCount,,,There are {EntryCount} boot options on this system.
Microsoft-Windows-Kernel-Boot,Information,19,0,System,,,,There are {ToolsCount} boot tool options on this system.
Microsoft-Windows-Kernel-Boot,Information,20,0,System,DirtyBootShutdown,,,The last shutdown's success status was {LastShutdownGood}. The last boot's success status was {LastBootGood}.
Microsoft-Windows-Kernel-Boot,Information,20,1,System,DirtyBootShutdown,,,The last shutdown's success status was {LastShutdownGood}. The last boot's success status was {LastBootGood}.
Microsoft-Windows-Kernel-Boot,Information,21,0,System,,,,The OS loader advanced options menu was displayed and the user selected option {OptionSelected}.
Microsoft-Windows-Kernel-Boot,Information,22,0,System,,,,The OS loader edit options menu was displayed.
Microsoft-Windows-Kernel-Boot,Information,23,0,System,,,,The Windows key was pressed during boot.
Microsoft-Windows-Kernel-Boot,Information,24,0,System,,,,The F8 key was pressed during boot.
Microsoft-Windows-Kernel-Boot,Information,25,0,System,BootMenuPolicy,,,The boot menu policy was {BootMenuPolicy}.
Microsoft-Windows-Kernel-Boot,Information,26,0,System,,,,A one-time boot sequence was used during this boot.
Microsoft-Windows-Kernel-Boot,Information,27,0,System,BootType,,,The boot type was {BootType}.
Microsoft-Windows-Kernel-Boot,Information,27,1,System,BootType,,,The boot type was {BootType}.
Microsoft-Windows-Kernel-Boot,Information,28,0,,,,,
Microsoft-Windows-Kernel-Boot,Error,29,0,System,,,,Windows failed fast startup with error status {FailureStatus}.
Microsoft-Windows-Kernel-Boot,Error,29,1,System,,,,Windows failed fast startup with error status {FailureStatus}.
Microsoft-Windows-Kernel-Boot,Information,30,0,System,FirmwareBootData,,,The firmware reported boot metrics.
Microsoft-Windows-Kernel-Boot,Information,31,0,Microsoft-Windows-Kernel-Boot/Analytic,,,,Initialization of the firmware crypto hash provider resulted in status {Status}.
Microsoft-Windows-Kernel-Boot,Information,32,0,System,UserInputTime,,,The bootmgr spent {BitlockerUserInputTime} ms waiting for user input.
Microsoft-Windows-Kernel-Boot,Error,33,0,Microsoft-Windows-Kernel-Boot/Analytic,,,,The firmware update capsule ({ImageName}) failed to load with status {ImageLoadStatus}.
Microsoft-Windows-Kernel-Boot,Error,34,0,Microsoft-Windows-Kernel-Boot/Analytic,,,,The PE/COFF image firmware update capsule ({PeImageName}) failed to load with status {PeImageLoadStatus}.
Microsoft-Windows-Kernel-Boot,Error,35,0,Microsoft-Windows-Kernel-Boot/Operational,,,,The Efi UpdateCapsule failed to apply updates with status {UpdateCapsuleStatus}.
Microsoft-Windows-Kernel-Boot,Information,36,0,Microsoft-Windows-Kernel-Boot/Analytic,,,,Firmware update supported status is {UpdateSupportedStatus}. The BitLocker device flags are {DeviceFlags} and the PCR bitmap is {PcrBitmap}.
Microsoft-Windows-Kernel-Boot,Error,37,0,Microsoft-Windows-Kernel-Boot/Analytic,,,,The firmware update capsule ({ImageName}) code integrity check failed with status {ImageLoadStatus}.
Microsoft-Windows-Kernel-Boot,Error,38,0,Microsoft-Windows-Kernel-Boot/Operational,ImageLoadFailure,,,Windows failed to load the required system file {ImageName} with error status {ImageLoadStatus}.
Microsoft-Windows-Kernel-Boot,Error,39,0,Microsoft-Windows-Kernel-Boot/Operational,,,,Windows failed to load the system registry file {HiveName} with error status {HiveLoadStatus}.
Microsoft-Windows-Kernel-Boot,Error,40,0,Microsoft-Windows-Kernel-Boot/Operational,,,,Windows failed to initialize the ACPI with error status {Status}.
Microsoft-Windows-Kernel-Boot,Error,41,0,Microsoft-Windows-Kernel-Boot/Operational,,,,Windows failed to load with error status {Status}.
Microsoft-Windows-Kernel-Boot,Error,42,0,Microsoft-Windows-Kernel-Boot/Operational,,,,Windows failed to load image {FailedPath} imported from {Path} with error status {Status}.
Microsoft-Windows-Kernel-Boot,Error,43,0,Microsoft-Windows-Kernel-Boot/Operational,,,,Windows failed to import {Import} from image {Path} with error status {Status}.
Microsoft-Windows-Kernel-Boot,Error,44,0,Microsoft-Windows-Kernel-Boot/Operational,,,,Windows failed to provision VSM Identity Key. Unsealing cached copy status: {CachedCopyStatus}. New key generation status: {IdkGenerationStatus}. Measuring to PCR status: {MeasuringStatus}. Sealing and caching status: {SealingAndCachingStatus}.
Microsoft-Windows-Kernel-Boot,Information,45,0,Microsoft-Windows-Kernel-Boot/Operational,VsmIdkProvisioningStatus,,,VSM Identity Key Provisioning. Unsealing cached copy status: {CachedCopyStatus}. New key generation status: {IdkGenerationStatus}. Measuring to PCR status: {MeasuringStatus}. Sealing and caching status: {SealingAndCachingStatus}.
Microsoft-Windows-Kernel-Boot,Information,46,0,Microsoft-Windows-Kernel-Boot/Analytic,RetrieveDriverListTime,,,Retrieving the driver list took {RetrieveDriverListTime} milliseconds.
Microsoft-Windows-Kernel-Boot,Information,47,0,Microsoft-Windows-Kernel-Boot/Analytic,LoadDrivers,,,Loading the drivers took {LoadDriversTime} milliseconds.
Microsoft-Windows-Kernel-Boot,Information,48,0,Microsoft-Windows-Kernel-Boot/Analytic,LoadHive,,,Loading hive {Path} took {LoadHiveTime} milliseconds.
Microsoft-Windows-Kernel-Boot,Error,49,0,Microsoft-Windows-Kernel-Boot/Operational,SiPolicyFailure,,,Windows system integrity policy does not allow to load the required system file {ImageName} with error status {SiPolicyStatus}.
Microsoft-Windows-Kernel-Boot,Error,50,0,Microsoft-Windows-Kernel-Boot/Operational,VsmLKeyProvisioningStatus,,,Windows failed to provision VSM Master Encryption Key. Using cached copy status: {CachedCopyStatus}. Unsealing cached copy status: {UnsealingCachedCopyStatus}. New key generation status: {KeyGenerationAndSaveStatus}. Sealing status: {SealingStatus}. TPM PCR mask: {TpmPcrMask}. Protector-assisted unseal status: {ProtectorAssistedUnsealStatus}. Protector-assisted re-seal status: {ProtectorAssistedResealStatus}. Protector update status: {ProtectorSealUpdateStatus}. Tpm Counter validation status: {TpmCounterOpStatus}. Tpm Counter creation status: {CachedCopyStatus}0.
Microsoft-Windows-Kernel-Boot,Information,51,0,Microsoft-Windows-Kernel-Boot/Operational,VsmLKeyProvisioningStatus,,,VSM Master Encryption Key Provisioning. Using cached copy status: {CachedCopyStatus}. Unsealing cached copy status: {UnsealingCachedCopyStatus}. New key generation status: {KeyGenerationAndSaveStatus}. Sealing status: {SealingStatus}. TPM PCR mask: {TpmPcrMask}. Protector-assisted unseal status: {ProtectorAssistedUnsealStatus}. Protector-assisted re-seal status: {ProtectorAssistedResealStatus}. Protector update status: {ProtectorSealUpdateStatus}. Tpm Counter validation status: {TpmCounterOpStatus}. Tpm Counter creation status: {CachedCopyStatus}0.
Microsoft-Windows-Kernel-Boot,Information,52,0,Microsoft-Windows-Kernel-Boot/Analytic,BootAppLoadTime,,,The time elapsed loading {ApplicationIdentifier} was {ApplicationLoadTime} ms.
Microsoft-Windows-Kernel-Boot,Information,53,0,Microsoft-Windows-Kernel-Boot/Analytic,BootApplicationExecution,,,The time elapsed executing {ApplicationIdentifier} was {ApplicationExecutionTime} ms.
Microsoft-Windows-Kernel-Boot,Error,54,0,Microsoft-Windows-Kernel-Boot/Analytic,,,,Building chunk table for WIM compressed file {FileName} failed with status: {Status}
Microsoft-Windows-Kernel-Boot,Error,55,0,Microsoft-Windows-Kernel-Boot/Analytic,PrepareTargetFailure,,,Soft Restart failed to prepare target Operating System. Operation status: {Status} failure point: {FailurePoint}
Microsoft-Windows-Kernel-Boot,Error,56,0,Microsoft-Windows-Kernel-Boot/Analytic,,,,Boot application failed to process persistent data with status: {Status}
Microsoft-Windows-Kernel-Boot,Error,57,0,Microsoft-Windows-Kernel-Boot/Operational,,,,Windows failed to provision the TPM Storage Root Key with error status:{TpmSrkProvisioningStatus}.
Microsoft-Windows-Kernel-Boot,Information,58,0,Microsoft-Windows-Kernel-Boot/Operational,,,,Windows successfully provisioned the TPM Storage Root Key. This operation took {TpmSrkProvisioningTime} milliseconds.
Microsoft-Windows-Kernel-Boot,Error,59,0,Microsoft-Windows-Kernel-Boot/Operational,,,,Windows failed to provision TPM binding information with error status:{TpmBindingProvisioningStatus}.
Microsoft-Windows-Kernel-Boot,Warning,60,0,Microsoft-Windows-Kernel-Boot/Operational,InvalidNfitTable,,,
Microsoft-Windows-Kernel-Boot,Information,61,0,Microsoft-Windows-Kernel-Boot/Analytic,MeasuredLaunch,TxtLaunchPrepared,,
Microsoft-Windows-Kernel-Boot,Error,62,0,Microsoft-Windows-Kernel-Boot/Operational,MeasuredLaunch,PreviousTxtError,,Previous error detected while attempting to execute Measured Launch Environment. TXT error code: {TxtErrorCode}.
Microsoft-Windows-Kernel-Boot,Error,63,0,Microsoft-Windows-Kernel-Boot/Analytic,MeasuredLaunch,InvalidTxtSinitRange,,
Microsoft-Windows-Kernel-Boot,Error,64,0,Microsoft-Windows-Kernel-Boot/Analytic,MeasuredLaunch,InvalidTxtHeapRange,,
Microsoft-Windows-Kernel-Boot,Error,65,0,Microsoft-Windows-Kernel-Boot/Analytic,MeasuredLaunch,MleLoadFailure,,
Microsoft-Windows-Kernel-Boot,Error,66,0,Microsoft-Windows-Kernel-Boot/Analytic,MeasuredLaunch,MissingRsdpTable,,
Microsoft-Windows-Kernel-Boot,Error,67,0,Microsoft-Windows-Kernel-Boot/Analytic,MeasuredLaunch,NoSinitAcm,,
Microsoft-Windows-Kernel-Boot,Error,68,0,Microsoft-Windows-Kernel-Boot/Analytic,MeasuredLaunch,InvalidTxtHeapBiosDataSize,,
Microsoft-Windows-Kernel-Boot,Error,69,0,Microsoft-Windows-Kernel-Boot/Analytic,MeasuredLaunch,MleHeaderTooOld,,
Microsoft-Windows-Kernel-Boot,Error,70,0,Microsoft-Windows-Kernel-Boot/Analytic,MeasuredLaunch,ComputePmrRangesFailure,,
Microsoft-Windows-Kernel-Boot,Warning,71,0,,FileOpen,OpenFailure,,
Microsoft-Windows-Kernel-Boot,Error,72,0,Microsoft-Windows-Kernel-Boot/Analytic,MeasuredLaunch,PrepareLcpFailure,,
Microsoft-Windows-Kernel-Boot,Information,73,0,Microsoft-Windows-Kernel-Boot/Operational,MeasuredLaunch,TxtRejectedFirmwareAcm,,Firmware provided SINIT ACM not used. {TxtStatus}
Microsoft-Windows-Kernel-Boot,Error,74,0,Microsoft-Windows-Kernel-Boot/Operational,VsmLKeyProvisioningStatus,,,Windows failed to provision DRTM-bound VSM Master Encryption Key . Using cached copy status: {CachedCopyStatus}. New key generation status: {KeyGenerationStatus}. Sealing status: {SealAndSaveStatus}. UEFI keys provided to Secure Kernel status: {UEFIKeysStatus}.
Microsoft-Windows-Kernel-Boot,Information,75,0,Microsoft-Windows-Kernel-Boot/Operational,VsmLKeyProvisioningStatus,,,Windows successfully provisioned DRTM-bound VSM Master Encryption Key. Using cached copy status: {CachedCopyStatus}. New key generation status: {KeyGenerationStatus}. Sealing status: {SealAndSaveStatus}. UEFI keys provided to Secure Kernel status: {UEFIKeysStatus}.
Microsoft-Windows-Kernel-Boot,Information,76,0,,BootDebugger,BdEnabled,,
Microsoft-Windows-Kernel-Boot,Warning,77,0,,BootDebugger,BdInitFailure,,
Microsoft-Windows-Kernel-Boot,Warning,78,0,,KernelDebugger,KdInitFailure,,
Microsoft-Windows-Kernel-Boot,Information,79,0,,KernelDebugger,KdEnabled,,
Microsoft-Windows-Kernel-Boot,Information,81,0,Microsoft-Windows-Kernel-Boot/Operational,,,,
Microsoft-Windows-Kernel-Boot,Information,100,0,,InitializeLibrary,Start,SoftRestart,
Microsoft-Windows-Kernel-Boot,Information,100,1,,InitializeLibrary,Start,SoftRestart,
Microsoft-Windows-Kernel-Boot,Information,101,0,,InitializeLibrary,Stop,SoftRestart,
Microsoft-Windows-Kernel-Boot,Information,102,0,,PrepareTarget,Start,SoftRestart,
Microsoft-Windows-Kernel-Boot,Information,102,1,,PrepareTarget,Start,SoftRestart,
Microsoft-Windows-Kernel-Boot,Information,102,2,,PrepareTarget,Start,SoftRestart,
Microsoft-Windows-Kernel-Boot,Information,103,0,,PrepareTarget,Stop,SoftRestart,
Microsoft-Windows-Kernel-Boot,Information,104,0,,RebuildKernelMemoryMap,Start,SoftRestart,
Microsoft-Windows-Kernel-Boot,Information,105,0,,RebuildKernelMemoryMap,Stop,SoftRestart,
Microsoft-Windows-Kernel-Boot,Information,106,0,,PersistMemory,Start,MemoryPreservation,
Microsoft-Windows-Kernel-Boot,Information,107,0,,PersistMemory,Stop,MemoryPreservation,
Microsoft-Windows-Kernel-Boot,Error,108,0,,FatalError,,SoftRestart MemoryPreservation,
Microsoft-Windows-Kernel-Boot,Information,109,0,,CleanupPageDatabase,Start,SoftRestart MemoryPreservation,
Microsoft-Windows-Kernel-Boot,Information,110,0,,CleanupPageDatabase,Stop,SoftRestart MemoryPreservation,
Microsoft-Windows-Kernel-Boot,Information,111,0,,FreePersistedMemory,Start,MemoryPreservation,
Microsoft-Windows-Kernel-Boot,Information,112,0,,FreePersistedMemory,Stop,MemoryPreservation,
Microsoft-Windows-Kernel-Boot,Information,113,0,,ClaimPersistedMemory,Start,MemoryPreservation,
Microsoft-Windows-Kernel-Boot,Information,114,0,,ClaimPersistedMemory,Stop,MemoryPreservation,
Microsoft-Windows-Kernel-Boot,Warning,115,0,System,CancelBoot,Start,SoftRestart,Soft reboot cancellation started: {FreePersistentPages}
Microsoft-Windows-Kernel-Boot,Warning,116,0,System,CancelBoot,Stop,SoftRestart,Soft reboot cancellation finished: {Status}.
Microsoft-Windows-Kernel-Boot,Information,117,0,,AttachPersistentPageDatabase,Start,SoftRestart MemoryPreservation,
Microsoft-Windows-Kernel-Boot,Information,118,0,,AttachPersistentPageDatabase,Stop,SoftRestart MemoryPreservation,
Microsoft-Windows-Kernel-Boot,Information,119,0,,MemoryBlockRundown,,MemoryBlockRundown,
Microsoft-Windows-Kernel-Boot,Information,120,0,,BuildKernelMemoryMap,Start,SoftRestart,
Microsoft-Windows-Kernel-Boot,Information,121,0,,BuildKernelMemoryMap,Stop,SoftRestart,
Microsoft-Windows-Kernel-Boot,Information,122,0,,GetMemoryMap,Start,SoftRestart,
Microsoft-Windows-Kernel-Boot,Information,123,0,,GetMemoryMap,Stop,SoftRestart,
Microsoft-Windows-Kernel-Boot,Error,124,0,System,VsmPolicyFailure,,,The virtualization-based security enablement policy check at phase {Phase} failed with status: {Status}
Microsoft-Windows-Kernel-Boot,Information,126,0,,AllocatePhysicalPagesForMdl,Start,SoftRestart PhysicalMemory,
Microsoft-Windows-Kernel-Boot,Information,127,0,,AllocatePhysicalPagesForMdl,Stop,SoftRestart PhysicalMemory,
Microsoft-Windows-Kernel-Boot,Information,128,0,,ExecuteTransition,Start,SoftRestart,
Microsoft-Windows-Kernel-Boot,Information,129,0,,DisconnectHypervisor,Start,SoftRestart,
Microsoft-Windows-Kernel-Boot,Information,130,0,,MemoryMapRundown,,MemoryMapRundown,
Microsoft-Windows-Kernel-Boot,Information,131,0,,MemoryMapRundown,Start,MemoryMapRundown,
Microsoft-Windows-Kernel-Boot,Information,132,0,,MemoryMapRundown,Stop,MemoryMapRundown,
Microsoft-Windows-Kernel-Boot,Error,133,0,Microsoft-Windows-Kernel-Boot/Operational,PhysicalPageAllocationFailure,,SoftRestart PhysicalMemory,
Microsoft-Windows-Kernel-Boot,Error,133,1,Microsoft-Windows-Kernel-Boot/Operational,PhysicalPageAllocationFailure,,SoftRestart PhysicalMemory,
Microsoft-Windows-Kernel-Boot,Information,134,0,,WaitForPartitionsRestored,Start,SoftRestart,
Microsoft-Windows-Kernel-Boot,Information,135,0,,WaitForPartitionsRestored,Stop,SoftRestart,
Microsoft-Windows-Kernel-Boot,Error,136,0,Microsoft-Windows-Kernel-Boot/Operational,CleanupPageDatabase,,SoftRestart MemoryPreservation,Soft Restart failed to complete with status: {Status} due to {OutstandingCount} outstanding unclaimed allocations
Microsoft-Windows-Kernel-Boot,Error,136,1,Microsoft-Windows-Kernel-Boot/Operational,CleanupPageDatabase,,SoftRestart MemoryPreservation,Soft Restart failed to complete with status: {Status} due to {OutstandingCount} outstanding unclaimed allocations
Microsoft-Windows-Kernel-Boot,Information,137,0,,MemoryPartitionRestore,Start,SoftRestart MemoryPreservation,
Microsoft-Windows-Kernel-Boot,Information,138,0,,MemoryPartitionRestore,Stop,SoftRestart MemoryPreservation,
Microsoft-Windows-Kernel-Boot,Information,138,1,,MemoryPartitionRestore,Stop,SoftRestart MemoryPreservation,
Microsoft-Windows-Kernel-Boot,Error,139,0,Microsoft-Windows-Kernel-Boot/Operational,MemoryPartitionRestore,,SoftRestart MemoryPreservation,Soft Restart failed to restore memory partition {Identifier} with status: {Status}
Microsoft-Windows-Kernel-Boot,Information,140,0,,PersistMemoryPartition,Start,SoftRestart MemoryPreservation,
Microsoft-Windows-Kernel-Boot,Information,141,0,,PersistMemoryPartition,Stop,SoftRestart MemoryPreservation,
Microsoft-Windows-Kernel-Boot,Information,141,1,,PersistMemoryPartition,Stop,SoftRestart MemoryPreservation,
Microsoft-Windows-Kernel-Boot,Error,142,0,Microsoft-Windows-Kernel-Boot/Operational,RegisterLoader,,SoftRestart,Soft Restart failed to register with Soft Restart extension. The versions are not compatible.
Microsoft-Windows-Kernel-Boot,Information,143,0,,MemoryPartitionsRestored,,SoftRestart MemoryPreservation,
Microsoft-Windows-Kernel-Boot,Information,144,0,,QueryStatistics,Start,SoftRestart,
Microsoft-Windows-Kernel-Boot,Information,145,0,,QueryStatistics,Stop,SoftRestart,
Microsoft-Windows-Kernel-Boot,Error,146,0,Microsoft-Windows-Kernel-Boot/Operational,ConnectSecureLoader,,SoftRestart,Soft Restart failed to establish connection with secure load with status: {Status}
Microsoft-Windows-Kernel-Boot,Information,147,0,,FreePersistedMemoryBlock,Start,MemoryPreservation,
Microsoft-Windows-Kernel-Boot,Information,148,0,,FreePersistedMemoryBlock,Stop,MemoryPreservation,
Microsoft-Windows-Kernel-Boot,Information,149,0,,PrepareNotification,Start,SoftRestart,
Microsoft-Windows-Kernel-Boot,Information,150,0,,PrepareNotification,Stop,SoftRestart,
Microsoft-Windows-Kernel-Boot,Information,151,0,,PartitionInitialAddMemory,Start,MemoryPartitions,
Microsoft-Windows-Kernel-Boot,Information,151,1,,PartitionInitialAddMemory,Start,MemoryPartitions,
Microsoft-Windows-Kernel-Boot,Information,152,0,,PartitionInitialAddMemory,Stop,MemoryPartitions,
Microsoft-Windows-Kernel-Boot,Information,153,0,System,VsmPolicyEnablement,,,Virtualization-based security (policies: {VsmPolicy}) is {EnableDisableReason}.
Microsoft-Windows-Kernel-Boot,Information,154,0,Microsoft-Windows-Kernel-Boot/Operational,BootPolicyMigration,,,Boot Policy Migration used an authenticated variable.  Status: {Status}
Microsoft-Windows-Kernel-Boot,Warning,155,0,Microsoft-Windows-Kernel-Boot/Operational,BootPolicyMigration,,,Boot Policy Migration used an unauthenticated variable.  Status: {Status}
Microsoft-Windows-Kernel-Boot,Warning,156,0,System,,,,Virtualization-based security (policies: {VsmPolicy}) is {EnableDisableReason} with status: {Status}
Microsoft-Windows-Kernel-Boot,Information,157,0,,BootDiag,,,Info: {DiagCode} Status: {Status}
Microsoft-Windows-Kernel-Boot,Error,158,0,Microsoft-Windows-Kernel-Boot/Operational,BootDiag,,,Error: {DiagCode} Status: {Status}
Microsoft-Windows-Kernel-Boot,Information,159,0,,RemoveEnclavePages,Start,MemoryPreservation,
Microsoft-Windows-Kernel-Boot,Information,160,0,,CancelNotification,Start,SoftRestart,
Microsoft-Windows-Kernel-Boot,Information,161,0,,CancelNotification,Stop,SoftRestart,
Microsoft-Windows-Kernel-Boot,Error,162,0,Microsoft-Windows-Kernel-Boot/Operational,GetSystemBootDevice,,SoftRestart,
Microsoft-Windows-Kernel-Boot,Error,163,0,Microsoft-Windows-Kernel-Boot/Operational,NormalizeBootOptionList,,SoftRestart,
Microsoft-Windows-Kernel-Boot,Error,164,0,Microsoft-Windows-Kernel-Boot/Operational,CreateLibraryParameters,,SoftRestart,
Microsoft-Windows-Kernel-Boot,Error,165,0,Microsoft-Windows-Kernel-Boot/Operational,InitializeLibrary,,SoftRestart,
Microsoft-Windows-Kernel-Boot,Error,166,0,Microsoft-Windows-Kernel-Boot/Operational,CreateDevices,,SoftRestart,
Microsoft-Windows-Kernel-Boot,Error,167,0,Microsoft-Windows-Kernel-Boot/Operational,SoftRestartHostCapability,,SoftRestart,
Microsoft-Windows-Kernel-Boot,Error,168,0,Microsoft-Windows-Kernel-Boot/Operational,EnumerateEnclavePages,,SoftRestart,
Microsoft-Windows-Kernel-Boot,Error,169,0,Microsoft-Windows-Kernel-Boot/Operational,InitializeMeasurementContext,,SoftRestart,
Microsoft-Windows-Kernel-Boot,Error,169,1,Microsoft-Windows-Kernel-Boot/Operational,InitializeMeasurementContext,InitializationFailure,SoftRestart,
Microsoft-Windows-Kernel-Boot,Error,170,0,Microsoft-Windows-Kernel-Boot/Operational,KsrMeasurement,,SoftRestart,
Microsoft-Windows-Kernel-Boot,Error,171,0,Microsoft-Windows-Kernel-Boot/Operational,TpmMeasurement,,SoftRestart,
Microsoft-Windows-Kernel-Boot,Error,172,0,Microsoft-Windows-Kernel-Boot/Operational,CloseMeasurementLog,,SoftRestart,
Microsoft-Windows-Kernel-Boot,Error,173,0,Microsoft-Windows-Kernel-Boot/Operational,CommitPendingEvents,,SoftRestart,
Microsoft-Windows-Kernel-Boot,Error,174,0,Microsoft-Windows-Kernel-Boot/Operational,CapTpmPcr,,SoftRestart,
Microsoft-Windows-Kernel-Boot,Error,175,0,Microsoft-Windows-Kernel-Boot/Operational,CapTpmPcr,,SoftRestart,
Microsoft-Windows-Kernel-Boot,Error,176,0,Microsoft-Windows-Kernel-Boot/Operational,InitializeLibrary,,SoftRestart,
Microsoft-Windows-Kernel-Boot,Information,177,0,,EfiVariableAccess,GetEfiVariable,EfiVariables,
Microsoft-Windows-Kernel-Boot,Information,178,0,,EfiVariableAccess,SetEfiVariable,EfiVariables,
Microsoft-Windows-Kernel-Boot,Error,179,0,Microsoft-Windows-Kernel-Boot/Operational,GetFirmwareInformation,,SoftRestart,
Microsoft-Windows-Kernel-Boot,Error,180,0,Microsoft-Windows-Kernel-Boot/Operational,VerifyBootEntry,,SoftRestart,
Microsoft-Windows-Kernel-Boot,Warning,181,0,Microsoft-Windows-Kernel-Boot/Operational,RegisterFilter,,SoftRestart,Soft Restart driver failed to register itself as a filter with status: {Status}
Microsoft-Windows-Kernel-Boot,Error,182,0,Microsoft-Windows-Kernel-Boot/Operational,IoSpaceMemory,EnumerateFailure,SoftRestart,
Microsoft-Windows-Kernel-Boot,Error,183,0,Microsoft-Windows-Kernel-Boot/Operational,BadMemoryPages,ListInitializationFailure,SoftRestart,
Microsoft-Windows-Kernel-Boot,Warning,184,0,,InitializeMeasurementContext,MeasurementsDisabled,SoftRestart,
Microsoft-Windows-Kernel-Boot,Information,200,0,Microsoft-Windows-Kernel-Boot/Analytic,TpmCommandResponse,,,A command was submitted to the TPM.Command code: {CommandCode}.Response code: {ResponseCode}.Elapsed time: {ResponseMilliseconds}ms.
Microsoft-Windows-Kernel-Boot,Information,201,0,Microsoft-Windows-Kernel-Boot/Analytic,TpmCommandResponse,,,A command was submitted to the TPM.Command code: {CommandCode}.Response code: {ResponseCode}.Elapsed time: {ResponseMilliseconds}ms.
Microsoft-Windows-Kernel-Boot,Error,202,0,Microsoft-Windows-Kernel-Boot/Operational,TpmSubmitError,,,A command could not be submitted to the TPM.Command code: {CommandCode}.Error code: {ErrorCode}.Elapsed time: {ResponseMilliseconds}ms.
Microsoft-Windows-Kernel-Boot,Error,203,0,Microsoft-Windows-Kernel-Boot/Operational,TpmSubmitError,,,A command could not be submitted to the TPM.Command code: {CommandCode}.Error code: {ErrorCode}.Elapsed time: {ResponseMilliseconds}ms.
Microsoft-Windows-Kernel-Boot,Error,204,0,Microsoft-Windows-Kernel-Boot/Analytic,TpmBitLockerUsage,,,The TPM was found not to be useable for BitLocker. Flags: {FveGlobalDataFlags}.
Microsoft-Windows-Kernel-Boot,Information,205,0,,EFICapsuleCreation,Start,SoftRestart,
Microsoft-Windows-Kernel-Boot,Information,206,0,,EFICapsuleCreation,Stop,SoftRestart,
Microsoft-Windows-Kernel-Boot,Information,207,0,Microsoft-Windows-Kernel-Boot/Analytic,BootSI,InitStatus,,Measured Boot library was initialized. Phase: {Phase}; StatusCode: {StatusCode}.
Microsoft-Windows-Kernel-Boot,Error,208,0,Microsoft-Windows-Kernel-Boot/Operational,BootSI,EnterInsecureState,,Measured Boot library encountered a failure and entered insecure state. InitState: {InitState}; StatusCode: {StatusCode}; Failure Address: {FailureAddress}; Reference Address: {ReferenceAddress}; Reason: {ReasonCode}.
Microsoft-Windows-Kernel-Boot,Error,209,0,Microsoft-Windows-Kernel-Boot/Operational,BootSI,DrtmSvnCheck,,DRTM Security Version Number check failed. SvnCounterId: {SvnCounterId}; StatusCode: {StatusCode}; Svn Value: {SvnValue}; Previous SVN Value: {PrevSvnValue}.
Microsoft-Windows-Kernel-Boot,Information,210,0,Microsoft-Windows-Kernel-Boot/Operational,MeasuredLaunch,SinitPerformance,,Intel TXT SENTER time: {SinitTimeMs} ms.
Microsoft-Windows-Kernel-Boot,Error,211,0,Microsoft-Windows-Kernel-Boot/Operational,MiniFilterStartFailure,,SoftRestart,
Microsoft-Windows-Kernel-Boot,Information,212,0,Microsoft-Windows-Kernel-Boot/Analytic,FileModification,,SoftRestart,File modification detected after load: {PathLength}.
Microsoft-Windows-Kernel-Boot,Information,213,0,Microsoft-Windows-Kernel-Boot/Analytic,RegistryModification,,SoftRestart,Registry modification detected after load: {PathLength}.
Microsoft-Windows-Kernel-Boot,Information,214,0,System,SoftReboot,Start,SoftRestart,Soft reboot prepare started (complete requested: {TryComplete}).
Microsoft-Windows-Kernel-Boot,Information,215,0,System,SoftReboot,Stop,SoftRestart,Soft reboot prepare finished: {Status}.
Microsoft-Windows-Kernel-Boot,Information,216,0,System,SoftReboot,Start,SoftRestart,
Microsoft-Windows-Kernel-Boot,Information,217,0,System,SoftReboot,Stop,SoftRestart,Soft reboot complete prepare finished: {Status}.
Microsoft-Windows-Kernel-Boot,Error,218,0,System,SoftReboot,,SoftRestart MemoryPreservation,Soft reboot call to {Function} failed: {Status} (checkpoint: {Checkpoint}).
Microsoft-Windows-Kernel-Boot,Information,219,0,Microsoft-Windows-Kernel-Boot/Operational,MeasuredLaunch,TxtInformation,,Intel TXT prepared. ACM date: {AcmDateMonth}/{AcmDateDay}/{AcmDateYear}.
Microsoft-Windows-Kernel-Boot,Information,220,0,Microsoft-Windows-Kernel-Boot/Operational,MeasuredLaunch,TxtNotSupported,,System Guard enabled but not supported. Reason: {TxtStatus}
Microsoft-Windows-Kernel-Boot,Error,221,0,System,MeasuredLaunch,DrtmDriversNotSupportVbs,,
Microsoft-Windows-Kernel-Boot,Error,222,0,System,MeasuredLaunch,PpamFailure,,SMM configuration failed validation. Reason: {TxtStatus}
Microsoft-Windows-Kernel-Boot,Error,223,0,Microsoft-Windows-Kernel-Boot/Operational,IoSpaceMemory,AllocationFailure,,
Microsoft-Windows-Kernel-Boot,Information,224,0,Microsoft-Windows-Kernel-Boot/Operational,IoSpaceMemory,Allocation,,
Microsoft-Windows-Kernel-Boot,Information,225,0,Microsoft-Windows-Kernel-Boot/Operational,VsmBootNoSecretsMode,,,VBS is configured to disallow trustlets.
Microsoft-Windows-Kernel-Boot,Information,226,0,,FinalizeMemoryMap,Start,SoftRestart,
Microsoft-Windows-Kernel-Boot,Information,227,0,,FinalizeMemoryMap,Stop,SoftRestart,
Microsoft-Windows-Kernel-Boot,Error,228,0,,FinalizeMemoryMap,Stop,SoftRestart,
Microsoft-Windows-Kernel-Boot,Error,229,0,,RegisterHvloaderPersistenceInterface,,SoftRestart,
Microsoft-Windows-Kernel-Boot,Error,230,0,,LoadHvloaderForPersistence,,SoftRestart,
Microsoft-Windows-Kernel-Boot,Information,231,0,Microsoft-Windows-Kernel-Boot/Operational,BootMenuTimerCanceled,,,Boot menu timer canceled due to key press.
Microsoft-Windows-Kernel-Boot,Information,232,0,,MemoryPartitionFreeUnusedMemory,Start,SoftRestart MemoryPreservation,
Microsoft-Windows-Kernel-Boot,Information,233,0,,MemoryPartitionFreeUnusedMemory,Stop,SoftRestart MemoryPreservation,
Microsoft-Windows-Kernel-Boot,Information,234,0,,MemoryPartitionRestoreStats,,SoftRestart MemoryPreservation,
Microsoft-Windows-Kernel-Boot,Error,235,0,Microsoft-Windows-Kernel-Boot/Operational,BootTpm,TpmInit,,Windows boot environment failed to initialize TPM device. StatusCode: {StatusCode}; Position: {Position}.
Microsoft-Windows-Kernel-Boot,Information,236,0,Microsoft-Windows-Kernel-Boot/Operational,MeasuredLaunch,SmmLevelCheck,,SMM isolation level decreased. Reason: {TxtStatus}
Microsoft-Windows-Kernel-Boot,Error,237,0,Microsoft-Windows-Kernel-Boot/Operational,MemoryMirroring,NotSupported,,Hardware memory mirroring is not supported. MirrorStatus: {MirrorStatus}
Microsoft-Windows-Kernel-Boot,Information,238,0,System,EfiTimeZoneInformation,,,EFI time zone bias: {EfiTimeZoneBias}. Daylight flags: {EfiDaylightFlags}
